Node Number	X Location (m)	Y Location (m)	Z Location (m)	
1	0.	3.e-003	0.	
2	3.e-003	0.	0.	
3	5.e-003	0.	0.	
4	5.e-003	5.e-003	0.	
5	0.	5.e-003	0.	
6	3.4842e-003	4.4708e-004	0.	
7	3.4354e-003	8.9197e-004	0.	
8	3.355e-003	1.3303e-003	0.	
9	3.2437e-003	1.7571e-003	0.	
10	3.1033e-003	2.1688e-003	0.	
11	2.9357e-003	2.5617e-003	0.	
12	2.7436e-003	2.9328e-003	0.	
13	2.3212e-003	3.1007e-003	0.	
14	1.8801e-003	3.2416e-003	0.	
15	1.4238e-003	3.3534e-003	0.	
16	9.5579e-004	3.4345e-003	0.	
17	4.7989e-004	3.4836e-003	0.	
18	3.9895e-003	5.3615e-004	0.	
19	3.957e-003	1.0708e-003	0.	
20	3.9034e-003	1.6012e-003	0.	
21	3.8291e-003	2.1238e-003	0.	
22	3.7355e-003	2.6363e-003	0.	
23	3.6238e-003	3.1363e-003	0.	
24	3.4957e-003	3.6219e-003	0.	
25	2.9364e-003	3.7338e-003	0.	
26	2.3645e-003	3.8278e-003	0.	
27	1.7825e-003	3.9023e-003	0.	
28	1.1927e-003	3.9563e-003	0.	
29	5.977e-004	3.989e-003	0.	
30	4.4947e-003	6.2522e-004	0.	
31	4.4785e-003	1.2497e-003	0.	
32	4.4517e-003	1.872e-003	0.	
33	4.4146e-003	2.4905e-003	0.	
34	4.3678e-003	3.1039e-003	0.	
35	4.3119e-003	3.711e-003	0.	
36	4.2479e-003	4.3109e-003	0.	
37	3.5515e-003	4.3669e-003	0.	
38	2.8489e-003	4.4139e-003	0.	
39	2.1413e-003	4.4511e-003	0.	
40	1.4297e-003	4.4782e-003	0.	
41	7.1552e-004	4.4945e-003	0.	
42	0.	4.5e-003	0.	
43	0.	4.e-003	0.	
44	0.	3.5e-003	0.	
45	4.1667e-003	5.e-003	0.	
46	3.3333e-003	5.e-003	0.	
47	2.5e-003	5.e-003	0.	
48	1.6667e-003	5.e-003	0.	
49	8.3333e-004	5.e-003	0.	
50	5.e-003	7.1429e-004	0.	
51	5.e-003	1.4286e-003	0.	
52	5.e-003	2.1429e-003	0.	
53	5.e-003	2.8571e-003	0.	
54	5.e-003	3.5714e-003	0.	
55	5.e-003	4.2857e-003	0.	
56	3.5e-003	0.	0.	
57	4.e-003	0.	0.	
58	4.5e-003	0.	0.	
59	3.6207e-004	2.9781e-003	0.	
60	7.1883e-004	2.9126e-003	0.	
61	1.0651e-003	2.8046e-003	0.	
62	1.3957e-003	2.6555e-003	0.	
63	1.7061e-003	2.4676e-003	0.	
64	1.9914e-003	2.2437e-003	0.	
65	2.2477e-003	1.987e-003	0.	
66	2.471e-003	1.7012e-003	0.	
67	2.6583e-003	1.3904e-003	0.	
68	2.8067e-003	1.0595e-003	0.	
69	2.9139e-003	7.1311e-004	0.	
70	2.9789e-003	3.5801e-004	0.	
71	0.	3.25e-003	0.	
72	1.8137e-004	2.9946e-003	0.	
73	3.25e-003	0.	0.	
74	2.9936e-003	1.7933e-004	0.	
75	4.7487e-003	3.3488e-004	0.	
76	5.e-003	3.5714e-004	0.	
77	4.75e-003	0.	0.	
78	4.6239e-003	4.6555e-003	0.	
79	4.5833e-003	5.e-003	0.	
80	5.e-003	4.6429e-003	0.	
81	3.8721e-004	4.7486e-003	0.	
82	0.	4.75e-003	0.	
83	4.1667e-004	5.e-003	0.	
84	3.4598e-003	6.6953e-004	0.	
85	3.7368e-003	4.9161e-004	0.	
86	3.4921e-003	2.2354e-004	0.	
87	3.7434e-003	2.4581e-004	0.	
88	3.2058e-003	6.0302e-004	0.	
89	3.2315e-003	4.0255e-004	0.	
90	3.3952e-003	1.1112e-003	0.	
91	3.7165e-003	7.3651e-004	0.	
92	3.6962e-003	9.8141e-004	0.	
93	3.1304e-003	9.9955e-004	0.	
94	3.1747e-003	8.0254e-004	0.	
95	3.2994e-003	1.5437e-003	0.	
96	3.6627e-003	1.2236e-003	0.	
97	3.6292e-003	1.4658e-003	0.	
98	3.0184e-003	1.3854e-003	0.	
99	3.0809e-003	1.1949e-003	0.	
100	3.1735e-003	1.9629e-003	0.	
101	3.5828e-003	1.7031e-003	0.	
102	3.5364e-003	1.9405e-003	0.	
103	2.8714e-003	1.7558e-003	0.	
104	2.951e-003	1.5738e-003	0.	
105	3.0195e-003	2.3652e-003	0.	
106	3.4779e-003	2.1715e-003	0.	
107	3.4194e-003	2.4025e-003	0.	
108	2.6916e-003	2.1063e-003	0.	
109	2.7871e-003	1.935e-003	0.	
110	2.8397e-003	2.7472e-003	0.	
111	3.3496e-003	2.6258e-003	0.	
112	3.2798e-003	2.849e-003	0.	
113	2.4815e-003	2.4332e-003	0.	
114	2.5917e-003	2.2743e-003	0.	
115	2.5324e-003	3.0168e-003	0.	
116	3.1997e-003	3.0632e-003	0.	
117	3.1196e-003	3.2773e-003	0.	
118	2.8742e-003	3.3473e-003	0.	
119	2.3675e-003	2.5882e-003	0.	
120	2.1007e-003	3.1712e-003	0.	
121	2.6288e-003	3.4173e-003	0.	
122	2.3756e-003	3.476e-003	0.	
123	2.0137e-003	2.7842e-003	0.	
124	2.1923e-003	2.6884e-003	0.	
125	1.652e-003	3.2975e-003	0.	
126	2.1223e-003	3.5347e-003	0.	
127	1.8627e-003	3.5813e-003	0.	
128	1.6379e-003	2.9486e-003	0.	
129	1.8272e-003	2.8687e-003	0.	
130	1.1898e-003	3.394e-003	0.	
131	1.6032e-003	3.6279e-003	0.	
132	1.3387e-003	3.6616e-003	0.	
133	1.2444e-003	3.079e-003	0.	
134	1.4423e-003	3.0163e-003	0.	
135	7.1784e-004	3.459e-003	0.	
136	1.0743e-003	3.6954e-003	0.	
137	8.0653e-004	3.7158e-003	0.	
138	8.3731e-004	3.1735e-003	0.	
139	1.0417e-003	3.1289e-003	0.	
140	5.3879e-004	3.7363e-003	0.	
141	2.694e-004	3.7431e-003	0.	
142	2.3994e-004	3.4918e-003	0.	
143	4.2098e-004	3.2308e-003	0.	
144	6.2963e-004	3.2049e-003	0.	
145	3.9732e-003	8.0349e-004	0.	
146	4.2421e-003	5.8068e-004	0.	
147	3.9947e-003	2.6807e-004	0.	
148	4.246e-003	2.9034e-004	0.	
149	3.9302e-003	1.336e-003	0.	
150	4.2299e-003	8.7048e-004	0.	
151	4.2177e-003	1.1603e-003	0.	
152	3.8662e-003	1.8625e-003	0.	
153	4.1976e-003	1.4484e-003	0.	
154	4.1775e-003	1.7366e-003	0.	
155	3.7823e-003	2.3801e-003	0.	
156	4.1497e-003	2.0219e-003	0.	
157	4.1218e-003	2.3071e-003	0.	
158	3.6797e-003	2.8863e-003	0.	
159	4.0867e-003	2.5886e-003	0.	
160	4.0516e-003	2.8701e-003	0.	
161	3.5598e-003	3.3791e-003	0.	
162	4.0098e-003	3.1469e-003	0.	
163	3.9679e-003	3.4237e-003	0.	
164	3.216e-003	3.6778e-003	0.	
165	3.9198e-003	3.695e-003	0.	
166	3.8718e-003	3.9664e-003	0.	
167	3.5579e-003	4.0084e-003	0.	
168	2.6505e-003	3.7808e-003	0.	
169	3.244e-003	4.0504e-003	0.	
170	2.9253e-003	4.0856e-003	0.	
171	2.0735e-003	3.865e-003	0.	
172	2.6067e-003	4.1208e-003	0.	
173	2.2843e-003	4.1488e-003	0.	
174	1.4876e-003	3.9293e-003	0.	
175	1.9619e-003	4.1767e-003	0.	
176	1.6366e-003	4.197e-003	0.	
177	8.9523e-004	3.9727e-003	0.	
178	1.3112e-003	4.2172e-003	0.	
179	9.8392e-004	4.2295e-003	0.	
180	6.5661e-004	4.2418e-003	0.	
181	3.283e-004	4.2459e-003	0.	
182	2.9885e-004	3.9945e-003	0.	
183	4.4866e-003	9.3746e-004	0.	
184	4.7474e-003	6.6975e-004	0.	
185	4.4974e-003	3.1261e-004	0.	
186	4.4651e-003	1.5609e-003	0.	
187	4.7433e-003	1.0044e-003	0.	
188	4.7392e-003	1.3391e-003	0.	
189	4.4331e-003	2.1812e-003	0.	
190	4.7325e-003	1.6733e-003	0.	
191	4.7258e-003	2.0074e-003	0.	
192	4.3912e-003	2.7972e-003	0.	
193	4.7166e-003	2.3406e-003	0.	
194	4.7073e-003	2.6738e-003	0.	
195	4.3398e-003	3.4074e-003	0.	
196	4.6956e-003	3.0057e-003	0.	
197	4.6839e-003	3.3376e-003	0.	
198	4.2799e-003	4.011e-003	0.	
199	4.6699e-003	3.668e-003	0.	
200	4.656e-003	3.9984e-003	0.	
201	3.8997e-003	4.3389e-003	0.	
202	4.2415e-003	4.6695e-003	0.	
203	4.6399e-003	4.3269e-003	0.	
204	3.2002e-003	4.3904e-003	0.	
205	3.8591e-003	4.6835e-003	0.	
206	3.4751e-003	4.6952e-003	0.	
207	2.4951e-003	4.4325e-003	0.	
208	3.0911e-003	4.7069e-003	0.	
209	2.7059e-003	4.7163e-003	0.	
210	1.7855e-003	4.4647e-003	0.	
211	2.3206e-003	4.7256e-003	0.	
212	1.9344e-003	4.7323e-003	0.	
213	1.0726e-003	4.4863e-003	0.	
214	1.5482e-003	4.7391e-003	0.	
215	1.1613e-003	4.7432e-003	0.	
216	3.5776e-004	4.4973e-003	0.	
217	7.7443e-004	4.7473e-003	0.	
218	0.	4.25e-003	0.	
219	0.	3.75e-003	0.	
220	2.1065e-004	3.2432e-003	0.	
221	3.75e-003	5.e-003	0.	
222	2.9167e-003	5.e-003	0.	
223	2.0833e-003	5.e-003	0.	
224	1.25e-003	5.e-003	0.	
225	5.e-003	1.0714e-003	0.	
226	5.e-003	1.7857e-003	0.	
227	5.e-003	2.5e-003	0.	
228	5.e-003	3.2143e-003	0.	
229	5.e-003	3.9286e-003	0.	
230	3.75e-003	0.	0.	
231	3.2428e-003	2.0143e-004	0.	
232	4.25e-003	0.	0.	
233	5.4142e-004	2.9507e-003	0.	
234	8.936e-004	2.8639e-003	0.	
235	1.2326e-003	2.7351e-003	0.	
236	1.5537e-003	2.5663e-003	0.	
237	1.8522e-003	2.36e-003	0.	
238	2.1234e-003	2.1192e-003	0.	
239	2.3637e-003	1.8475e-003	0.	
240	2.5693e-003	1.5486e-003	0.	
241	2.7375e-003	1.2272e-003	0.	
242	2.8656e-003	8.8794e-004	0.	
243	2.9518e-003	5.3652e-004	0.	
