Element Number	Element Type	Nodes	
1	Tri6	287	400	535	1898	2480	1900	
2	Tri6	288	401	554	1904	2485	1906	
3	Tri6	587	613	761	3023	3082	3024	
4	Tri6	47	355	48	1037	1040	1036	
5	Tri6	698	818	795	3198	3247	3197	
6	Tri6	348	685	475	2260	2755	2257	
7	Tri6	352	697	696	2281	3195	2280	
8	Tri6	402	785	838	2492	3242	2494	
9	Tri6	336	624	741	2195	3100	2198	
10	Tri6	388	721	497	2429	2818	2426	
11	Tri6	465	728	503	2729	2832	2728	
12	Tri6	286	348	475	1891	2257	1893	
13	Tri6	353	471	872	2283	2745	2285	
14	Tri6	376	668	757	2377	3163	2378	
15	Tri6	393	722	495	2451	2812	2449	
16	Tri6	382	779	464	2403	2725	2401	
17	Tri6	389	653	780	2430	3142	2432	
18	Tri6	544	871	704	2925	3203	2923	
19	Tri6	460	507	770	2709	2840	2711	
20	Tri6	273	512	441	1803	2643	1801	
21	Tri6	405	491	709	2504	2802	2506	
22	Tri6	539	633	859	2911	3115	2913	
23	Tri6	388	568	454	2427	2691	2425	
24	Tri6	466	767	565	2733	2977	2731	
25	Tri6	340	456	498	2217	2696	2218	
26	Tri6	282	729	468	1866	2737	1863	
27	Tri6	409	703	826	2523	3202	2524	
28	Tri6	389	852	653	2434	3143	2430	
29	Tri6	344	541	574	2236	2916	2237	
30	Tri6	326	615	801	2133	3087	2136	
31	Tri6	321	606	809	2103	3064	2106	
32	Tri6	411	505	707	2529	2836	2532	
33	Tri6	353	872	430	2285	2604	2282	
34	Tri6	380	490	462	2394	2716	2393	
35	Tri6	373	663	758	2364	3154	2365	
36	Tri6	381	514	759	2398	2856	2399	
37	Tri6	298	600	726	1968	3051	1969	
38	Tri6	279	486	866	1843	2787	1848	
39	Tri6	315	710	546	2070	2930	2068	
40	Tri6	367	469	868	2340	2740	2342	
41	Tri6	274	695	358	1811	2304	1807	
42	Tri6	277	752	470	1832	2742	1828	
43	Tri6	272	827	344	1798	2240	1793	
44	Tri6	607	777	667	3066	3161	3065	
45	Tri6	324	519	775	2121	2867	2124	
46	Tri6	639	815	819	3121	3255	3122	
47	Tri6	366	748	433	2337	2615	2335	
48	Tri6	415	599	819	2547	3050	2549	
49	Tri6	329	778	435	2155	2624	2150	
50	Tri6	415	815	445	2548	2658	2546	
51	Tri6	409	440	703	2521	2641	2523	
52	Tri6	274	358	764	1807	2305	1812	
53	Tri6	301	472	594	1984	2746	1986	
54	Tri6	303	510	681	1997	2845	1999	
55	Tri6	312	619	751	2053	3091	2054	
56	Tri6	532	756	681	2895	3182	2894	
57	Tri6	355	500	739	2291	2825	2293	
58	Tri6	339	489	856	2212	2798	2214	
59	Tri6	596	776	674	3042	3171	3041	
60	Tri6	294	486	527	1941	2784	1942	
61	Tri6	300	493	547	1977	2806	1978	
62	Tri6	295	638	711	1950	3120	1951	
63	Tri6	356	864	434	2297	2620	2294	
64	Tri6	357	755	437	2300	2632	2298	
65	Tri6	303	681	756	1999	3182	2000	
66	Tri6	557	637	854	2958	3119	2960	
67	Tri6	305	528	683	2010	2886	2012	
68	Tri6	332	427	485	2168	2592	2169	
69	Tri6	331	532	789	2164	2896	2167	
70	Tri6	315	791	448	2071	2670	2066	
71	Tri6	844	731	864	3217	3218	3262	
72	Tri6	439	654	857	2638	3145	2640	
73	Tri6	307	750	602	2024	3053	2022	
74	Tri6	341	695	524	2225	2877	2223	
75	Tri6	307	465	503	2020	2728	2021	
76	Tri6	281	490	767	1858	2800	1861	
77	Tri6	273	697	352	1805	2281	1800	
78	Tri6	447	868	840	2666	3260	2665	
79	Tri6	328	350	621	2144	2269	2147	
80	Tri6	303	756	616	2000	3088	1998	
81	Tri6	406	795	865	2512	3248	2513	
82	Tri6	335	658	345	2190	2244	2188	
83	Tri6	288	852	401	1909	2489	1904	
84	Tri6	358	502	810	2302	2830	2306	
85	Tri6	551	710	635	2942	3117	2941	
86	Tri6	334	677	533	2184	2897	2183	
87	Tri6	347	460	625	2252	2710	2254	
88	Tri6	336	741	665	2198	3158	2197	
89	Tri6	584	724	590	3019	3029	3017	
90	Tri6	342	697	522	2230	2874	2228	
91	Tri6	286	457	348	1892	2256	1891	
92	Tri6	290	399	543	1917	2476	1920	
93	Tri6	325	462	523	2125	2717	2126	
94	Tri6	280	739	450	1852	2678	1851	
95	Tri6	283	458	614	1871	2702	1873	
96	Tri6	296	636	710	1956	3118	1957	
97	Tri6	362	492	730	2320	2805	2321	
98	Tri6	288	511	642	1905	2847	1907	
99	Tri6	374	487	814	2368	2791	2371	
100	Tri6	408	542	688	2518	2919	2520	
101	Tri6	295	500	638	1948	2824	1950	
102	Tri6	354	483	716	2287	2777	2289	
103	Tri6	284	458	346	1878	2246	1877	
104	Tri6	430	868	469	2603	2740	2602	
105	Tri6	281	466	742	1856	2732	1860	
106	Tri6	308	446	501	2026	2659	2027	
107	Tri6	442	731	844	2649	3217	2650	
108	Tri6	368	744	432	2345	2609	2343	
109	Tri6	322	837	562	2112	2971	2107	
110	Tri6	296	483	636	1954	2776	1956	
111	Tri6	330	436	494	2156	2626	2157	
112	Tri6	308	737	569	2030	2985	2028	
113	Tri6	419	676	686	2563	3175	2564	
114	Tri6	319	484	550	2090	2778	2091	
115	Tri6	412	646	805	2533	3133	2534	
116	Tri6	310	480	648	2039	2770	2041	
117	Tri6	328	464	552	2145	2724	2146	
118	Tri6	279	866	779	1848	3237	1847	
119	Tri6	395	479	694	2457	2769	2459	
120	Tri6	329	435	515	2150	2621	2151	
121	Tri6	331	426	481	2162	2588	2163	
122	Tri6	794	753	449	3227	2674	2675	
123	Tri6	391	574	455	2441	2694	2439	
124	Tri6	387	641	570	2424	2986	2423	
125	Tri6	357	437	797	2298	2633	2301	
126	Tri6	365	480	727	2332	2771	2333	
127	Tri6	292	702	553	1934	2949	1931	
128	Tri6	285	457	624	1885	2699	1887	
129	Tri6	318	476	514	2084	2757	2085	
130	Tri6	556	711	632	2956	3112	2955	
131	Tri6	365	727	448	2333	2668	2331	
132	Tri6	304	627	754	2005	3105	2006	
133	Tri6	275	804	670	1819	3168	1817	
134	Tri6	534	750	673	2900	3170	2899	
135	Tri6	290	718	497	1923	2817	1919	
136	Tri6	315	448	513	2066	2667	2067	
137	Tri6	317	447	492	2078	2662	2079	
138	Tri6	384	510	729	2410	2846	2411	
139	Tri6	631	782	853	3109	3240	3111	
140	Tri6	363	478	745	2324	2766	2325	
141	Tri6	316	433	478	2072	2613	2073	
142	Tri6	350	656	650	2271	3137	2270	
143	Tri6	310	442	480	2038	2647	2039	
144	Tri6	311	488	595	2043	2792	2044	
145	Tri6	312	430	469	2050	2602	2051	
146	Tri6	280	744	431	1853	2607	1849	
147	Tri6	840	872	755	3261	3229	3228	
148	Tri6	303	468	510	1996	2736	1997	
149	Tri6	383	752	484	2407	2779	2405	
150	Tri6	611	821	808	3079	3254	3078	
151	Tri6	281	740	462	1859	2718	1855	
152	Tri6	540	754	652	2915	3141	2914	
153	Tri6	375	477	812	2372	2764	2375	
154	Tri6	301	434	472	1983	2617	1984	
155	Tri6	306	640	762	2017	3124	2018	
156	Tri6	326	463	578	2131	2720	2132	
157	Tri6	390	643	558	2438	2962	2437	
158	Tri6	373	758	827	2365	3231	2366	
159	Tri6	436	736	494	2627	2811	2626	
160	Tri6	283	575	735	1872	2995	1875	
161	Tri6	304	431	467	2002	2605	2003	
162	Tri6	305	470	528	2009	2741	2010	
163	Tri6	626	850	857	3103	3263	3104	
164	Tri6	318	777	592	2088	3033	2086	
165	Tri6	321	461	517	2101	2712	2102	
166	Tri6	298	437	471	1965	2631	1966	
167	Tri6	430	872	868	2604	3264	2603	
168	Tri6	597	823	682	3046	3183	3044	
169	Tri6	305	683	349	2012	2264	2007	
170	Tri6	421	821	438	2573	2636	2570	
171	Tri6	296	449	483	1953	2672	1954	
172	Tri6	391	715	574	2443	2994	2441	
173	Tri6	276	805	665	1825	3159	1824	
174	Tri6	293	477	499	1935	2761	1936	
175	Tri6	275	669	338	1816	2207	1813	
176	Tri6	271	343	568	1787	2232	1790	
177	Tri6	297	487	580	1959	2788	1960	
178	Tri6	283	614	617	1873	3083	1874	
179	Tri6	376	757	825	2378	3230	2379	
180	Tri6	383	528	752	2406	2887	2407	
181	Tri6	271	376	825	1788	2379	1792	
182	Tri6	622	786	645	3095	3131	3094	
183	Tri6	295	450	500	1947	2676	1948	
184	Tri6	276	664	337	1823	2202	1820	
185	Tri6	313	582	858	2055	3014	2059	
186	Tri6	405	818	698	2507	3198	2505	
187	Tri6	400	860	807	2484	3253	2483	
188	Tri6	529	712	851	2889	3205	2890	
189	Tri6	290	404	637	1918	2502	1922	
190	Tri6	421	603	808	2571	3055	2572	
191	Tri6	392	817	855	2446	3256	2447	
192	Tri6	426	749	864	2589	3226	2591	
193	Tri6	335	743	670	2192	3167	2191	
194	Tri6	309	466	565	2032	2731	2033	
195	Tri6	324	432	482	2119	2608	2120	
196	Tri6	289	715	491	1915	2803	1911	
197	Tri6	292	411	559	1929	2531	1932	
198	Tri6	395	732	504	2460	2833	2458	
199	Tri6	272	574	715	1796	2994	1797	
200	Tri6	323	560	558	2116	2961	2115	
201	Tri6	391	709	491	2442	2802	2440	
202	Tri6	394	725	787	2454	3213	2455	
203	Tri6	362	730	435	2321	2622	2319	
204	Tri6	316	724	520	2076	2869	2074	
205	Tri6	343	548	568	2231	2934	2232	
206	Tri6	399	497	721	2475	2818	2478	
207	Tri6	292	531	411	1930	2530	1929	
208	Tri6	414	834	832	2545	3259	2544	
209	Tri6	274	511	443	1809	2651	1808	
210	Tri6	339	451	489	2210	2681	2212	
211	Tri6	310	648	734	2041	3135	2042	
212	Tri6	335	614	743	2189	3084	2192	
213	Tri6	289	405	698	1910	2505	1914	
214	Tri6	345	459	617	2241	2705	2243	
215	Tri6	380	462	811	2393	2719	2396	
216	Tri6	358	695	694	2304	3194	2303	
217	Tri6	351	472	731	2275	2747	2277	
218	Tri6	840	868	872	3260	3264	3261	
219	Tri6	349	683	704	2264	3184	2265	
220	Tri6	346	686	473	2250	2749	2247	
221	Tri6	413	699	508	2540	2842	2538	
222	Tri6	276	337	496	1820	2200	1822	
223	Tri6	337	859	633	2204	3115	2201	
224	Tri6	388	718	568	2428	2983	2427	
225	Tri6	395	873	732	2461	3220	2460	
226	Tri6	358	694	502	2303	2828	2302	
227	Tri6	338	637	396	2206	2463	2205	
228	Tri6	275	780	653	1818	3142	1815	
229	Tri6	347	625	624	2254	3099	2253	
230	Tri6	345	617	614	2243	3083	2242	
231	Tri6	275	338	780	1813	2208	1818	
232	Tri6	340	498	847	2218	2821	2220	
233	Tri6	400	806	536	2482	2906	2481	
234	Tri6	400	807	806	2483	3251	2482	
235	Tri6	401	792	555	2487	2954	2486	
236	Tri6	401	793	792	2488	3244	2487	
237	Tri6	333	676	530	2177	2891	2176	
238	Tri6	317	799	447	2083	2664	2078	
239	Tri6	396	848	693	2466	3193	2464	
240	Tri6	360	450	788	2311	2679	2314	
241	Tri6	407	444	701	2514	2656	2516	
242	Tri6	314	542	416	2061	2551	2060	
243	Tri6	439	850	440	2639	2642	2637	
244	Tri6	389	793	852	2433	3245	2434	
245	Tri6	291	662	724	1926	3152	1927	
246	Tri6	807	860	817	3253	3257	3252	
247	Tri6	423	700	509	2579	2844	2577	
248	Tri6	414	690	834	2543	3187	2545	
249	Tri6	414	531	690	2542	2893	2543	
250	Tri6	298	471	600	1966	2744	1968	
251	Tri6	306	536	640	2014	2905	2017	
252	Tri6	285	625	771	1888	3101	1890	
253	Tri6	334	839	417	2187	2557	2181	
254	Tri6	333	838	418	2180	2561	2174	
255	Tri6	419	867	676	2565	3176	2563	
256	Tri6	420	870	677	2569	3178	2567	
257	Tri6	519	702	559	2866	2963	2865	
258	Tri6	422	445	705	2574	2657	2576	
259	Tri6	336	661	347	2196	2255	2194	
260	Tri6	434	864	731	2620	3218	2618	
261	Tri6	361	749	426	2317	2589	2315	
262	Tri6	359	753	794	2308	3227	2309	
263	Tri6	278	745	433	1839	2614	1836	
264	Tri6	287	512	646	1899	2851	1902	
265	Tri6	369	783	470	2350	2743	2347	
266	Tri6	282	765	493	1868	2807	1865	
267	Tri6	368	467	744	2344	2735	2345	
268	Tri6	316	520	796	2074	2870	2077	
269	Tri6	284	346	473	1877	2247	1879	
270	Tri6	329	567	778	2152	2982	2155	
271	Tri6	280	450	831	1851	2680	1854	
272	Tri6	432	747	482	2610	2775	2608	
273	Tri6	301	594	720	1986	3038	1987	
274	Tri6	382	464	828	2401	2726	2404	
275	Tri6	304	467	627	2003	2734	2005	
276	Tri6	299	703	440	1974	2641	1971	
277	Tri6	535	570	641	2903	2986	2904	
278	Tri6	320	786	604	2100	3058	2097	
279	Tri6	554	558	643	2951	2962	2952	
280	Tri6	320	701	444	2099	2656	2096	
281	Tri6	327	705	445	2140	2657	2137	
282	Tri6	278	446	716	1837	2660	1838	
283	Tri6	844	864	749	3262	3226	3225	
284	Tri6	272	344	574	1793	2237	1796	
285	Tri6	317	545	799	2080	2928	2083	
286	Tri6	315	546	791	2068	2931	2071	
287	Tri6	379	550	768	2390	2940	2391	
288	Tri6	377	493	842	2381	2809	2384	
289	Tri6	328	552	656	2146	2945	2148	
290	Tri6	397	771	625	2470	3101	2468	
291	Tri6	327	782	593	2141	3037	2138	
292	Tri6	398	769	617	2473	3089	2472	
293	Tri6	337	633	803	2201	3114	2203	
294	Tri6	287	860	400	1903	2484	1898	
295	Tri6	285	624	625	1887	3099	1888	
296	Tri6	348	738	516	2261	2860	2258	
297	Tri6	346	735	518	2251	2864	2248	
298	Tri6	282	493	774	1865	2808	1869	
299	Tri6	282	468	765	1863	2738	1868	
300	Tri6	277	733	461	1831	2713	1827	
301	Tri6	277	768	484	1833	2780	1829	
302	Tri6	282	774	463	1869	2722	1862	
303	Tri6	282	759	476	1867	2759	1864	
304	Tri6	279	760	486	1846	2785	1843	
305	Tri6	279	728	465	1845	2729	1842	
306	Tri6	281	742	477	1860	2763	1857	
307	Tri6	281	767	466	1861	2733	1856	
308	Tri6	363	745	427	2325	2593	2323	
309	Tri6	410	642	804	2525	3126	2527	
310	Tri6	351	731	442	2277	2649	2274	
311	Tri6	438	821	717	2636	3208	2635	
312	Tri6	333	473	686	2175	2749	2178	
313	Tri6	334	417	758	2181	2554	2186	
314	Tri6	342	696	697	2229	3195	2230	
315	Tri6	334	475	685	2182	2755	2185	
316	Tri6	381	759	463	2399	2721	2397	
317	Tri6	318	592	813	2086	3034	2089	
318	Tri6	477	742	499	2763	2823	2761	
319	Tri6	375	523	740	2373	2876	2374	
320	Tri6	341	694	695	2224	3194	2225	
321	Tri6	279	488	728	1844	2793	1845	
322	Tri6	278	716	753	1838	3207	1841	
323	Tri6	278	433	748	1836	2615	1840	
324	Tri6	425	438	717	2584	2635	2586	
325	Tri6	319	605	824	2092	3061	2095	
326	Tri6	359	485	753	2307	2783	2308	
327	Tri6	486	760	527	2785	2885	2784	
328	Tri6	378	552	866	2386	2946	2388	
329	Tri6	608	784	680	3070	3181	3068	
330	Tri6	461	733	517	2713	2862	2712	
331	Tri6	311	610	816	2045	3076	2048	
332	Tri6	385	837	691	2416	3188	2414	
333	Tri6	289	491	405	1911	2504	1910	
334	Tri6	437	872	471	2634	2745	2631	
335	Tri6	493	765	547	2807	2933	2806	
336	Tri6	463	774	578	2722	3003	2720	
337	Tri6	564	737	649	2974	3136	2973	
338	Tri6	393	495	474	2449	2751	2448	
339	Tri6	525	720	628	2879	3107	2878	
340	Tri6	633	725	803	3113	3214	3114	
341	Tri6	290	497	399	1919	2475	1917	
342	Tri6	284	670	743	1882	3167	1883	
343	Tri6	375	740	477	2374	2762	2372	
344	Tri6	366	501	748	2336	2827	2337	
345	Tri6	384	729	476	2411	2758	2409	
346	Tri6	277	487	733	1830	2789	1831	
347	Tri6	395	504	479	2458	2768	2457	
348	Tri6	411	707	559	2532	2964	2531	
349	Tri6	416	708	628	2553	3106	2552	
350	Tri6	352	507	460	2279	2709	2278	
351	Tri6	276	496	855	1822	2816	1826	
352	Tri6	443	511	643	2651	2848	2653	
353	Tri6	390	443	643	2435	2653	2438	
354	Tri6	387	441	641	2421	2645	2424	
355	Tri6	361	513	749	2316	2854	2317	
356	Tri6	378	866	486	2388	2787	2385	
357	Tri6	357	515	755	2299	2858	2300	
358	Tri6	355	739	431	2293	2606	2290	
359	Tri6	566	734	601	2979	3052	2978	
360	Tri6	312	469	619	2051	2739	2053	
361	Tri6	291	589	662	1925	3027	1926	
362	Tri6	521	818	849	2872	3258	2873	
363	Tri6	387	522	441	2422	2644	2421	
364	Tri6	286	665	741	1896	3158	1897	
365	Tri6	390	524	443	2436	2652	2435	
366	Tri6	398	459	773	2471	2707	2474	
367	Tri6	314	720	579	2065	3006	2062	
368	Tri6	313	726	582	2058	3013	2055	
369	Tri6	323	761	560	2118	2966	2116	
370	Tri6	305	349	629	2007	2263	2011	
371	Tri6	399	712	543	2477	2921	2476	
372	Tri6	418	838	785	2561	3242	2559	
373	Tri6	292	690	531	1933	2893	1930	
374	Tri6	417	839	781	2557	3239	2555	
375	Tri6	400	536	535	2481	2902	2480	
376	Tri6	306	535	536	2013	2902	2014	
377	Tri6	364	436	790	2327	2629	2330	
378	Tri6	606	751	619	3063	3091	3062	
379	Tri6	272	539	373	1795	2363	1794	
380	Tri6	663	859	664	3155	3157	3153	
381	Tri6	325	754	609	2129	3072	2127	
382	Tri6	340	455	541	2216	2693	2219	
383	Tri6	456	869	802	2698	3250	2697	
384	Tri6	314	688	542	2064	2919	2061	
385	Tri6	290	543	404	1920	2500	1918	
386	Tri6	543	871	544	2922	2925	2920	
387	Tri6	404	543	544	2500	2920	2501	
388	Tri6	396	637	404	2463	2502	2462	
389	Tri6	363	427	766	2323	2595	2326	
390	Tri6	573	798	862	2992	3249	2993	
391	Tri6	339	454	548	2211	2690	2213	
392	Tri6	283	617	769	1874	3089	1876	
393	Tri6	350	650	795	2270	3138	2272	
394	Tri6	317	711	545	2082	2927	2080	
395	Tri6	279	465	760	1842	2730	1846	
396	Tri6	272	373	827	1794	2366	1798	
397	Tri6	292	559	702	1932	2963	1934	
398	Tri6	401	555	554	2486	2950	2485	
399	Tri6	323	554	555	2113	2950	2114	
400	Tri6	331	789	426	2167	2590	2162	
401	Tri6	437	755	872	2632	3229	2634	
402	Tri6	271	557	376	1789	2376	1788	
403	Tri6	668	854	669	3164	3166	3162	
404	Tri6	323	558	554	2115	2951	2113	
405	Tri6	416	506	708	2550	2838	2553	
406	Tri6	615	762	640	3086	3124	3085	
407	Tri6	380	562	490	2395	2799	2394	
408	Tri6	322	682	823	2109	3183	2111	
409	Tri6	328	656	350	2148	2271	2144	
410	Tri6	379	768	461	2391	2714	2389	
411	Tri6	642	658	804	3125	3147	3126	
412	Tri6	329	734	567	2154	2981	2152	
413	Tri6	454	568	548	2691	2934	2690	
414	Tri6	326	801	463	2136	2723	2131	
415	Tri6	306	570	535	2016	2903	2013	
416	Tri6	306	561	570	2015	2967	2016	
417	Tri6	312	751	537	2054	2908	2052	
418	Tri6	332	485	571	2169	2782	2171	
419	Tri6	333	418	757	2174	2558	2179	
420	Tri6	331	481	572	2163	2772	2165	
421	Tri6	343	573	548	2233	2935	2231	
422	Tri6	455	574	541	2694	2916	2693	
423	Tri6	283	453	575	1870	2687	1872	
424	Tri6	344	576	541	2238	2917	2236	
425	Tri6	541	576	869	2917	2999	2918	
426	Tri6	285	452	577	1884	2684	1886	
427	Tri6	324	775	432	2124	2611	2119	
428	Tri6	369	580	783	2348	3008	2350	
429	Tri6	407	701	843	2516	3201	2517	
430	Tri6	291	584	863	1924	3020	1928	
431	Tri6	406	725	698	2510	3196	2509	
432	Tri6	324	482	586	2120	2774	2122	
433	Tri6	324	586	702	2122	3022	2123	
434	Tri6	306	762	561	2018	2969	2015	
435	Tri6	323	555	587	2114	2953	2117	
436	Tri6	424	588	549	2582	2937	2581	
437	Tri6	313	858	588	2059	3026	2056	
438	Tri6	428	589	538	2597	2909	2596	
439	Tri6	291	863	589	1928	3028	1925	
440	Tri6	316	478	590	2073	2765	2075	
441	Tri6	316	590	724	2075	3029	2076	
442	Tri6	382	595	779	2402	3040	2403	
443	Tri6	318	813	476	2089	2760	2084	
444	Tri6	319	776	605	2094	3060	2092	
445	Tri6	271	568	718	1790	2983	1791	
446	Tri6	302	823	597	1994	3046	1989	
447	Tri6	330	494	598	2157	2810	2159	
448	Tri6	330	598	737	2159	3048	2160	
449	Tri6	329	515	601	2151	2857	2153	
450	Tri6	329	601	734	2153	3052	2154	
451	Tri6	327	445	815	2137	2658	2142	
452	Tri6	332	571	750	2171	2988	2172	
453	Tri6	321	809	461	2106	2715	2101	
454	Tri6	420	677	685	2567	3177	2568	
455	Tri6	281	462	490	1855	2716	1858	
456	Tri6	349	704	871	2265	3203	2267	
457	Tri6	311	784	610	2047	3075	2045	
458	Tri6	302	611	612	1990	3077	1991	
459	Tri6	459	764	810	2706	3234	2708	
460	Tri6	323	587	761	2117	3024	2118	
461	Tri6	335	345	614	2188	2242	2189	
462	Tri6	441	512	641	2643	2850	2645	
463	Tri6	378	486	822	2385	2786	2387	
464	Tri6	331	572	756	2165	2990	2166	
465	Tri6	397	460	770	2467	2711	2469	
466	Tri6	398	617	459	2472	2705	2471	
467	Tri6	346	518	618	2248	2863	2249	
468	Tri6	348	516	620	2258	2859	2259	
469	Tri6	350	521	621	2268	2871	2269	
470	Tri6	336	347	624	2194	2253	2195	
471	Tri6	356	434	772	2294	2619	2296	
472	Tri6	397	625	460	2468	2710	2467	
473	Tri6	299	626	784	1973	3102	1975	
474	Tri6	314	628	720	2063	3107	2065	
475	Tri6	314	416	628	2060	2552	2063	
476	Tri6	349	529	629	2262	2888	2263	
477	Tri6	407	843	581	2517	3010	2515	
478	Tri6	277	470	783	1828	2743	1834	
479	Tri6	317	492	632	2079	2804	2081	
480	Tri6	317	632	711	2081	3112	2082	
481	Tri6	526	726	660	2882	3150	2881	
482	Tri6	289	633	539	1913	2911	1912	
483	Tri6	315	513	635	2067	2853	2069	
484	Tri6	315	635	710	2069	3117	2070	
485	Tri6	290	637	557	1922	2958	1921	
486	Tri6	338	854	637	2209	3119	2206	
487	Tri6	327	853	782	2143	3240	2141	
488	Tri6	311	816	488	2048	2795	2043	
489	Tri6	287	641	512	1901	2850	1899	
490	Tri6	287	535	641	1900	2904	1901	
491	Tri6	288	642	852	1907	3127	1909	
492	Tri6	275	410	804	1814	2527	1819	
493	Tri6	288	643	511	1908	2848	1905	
494	Tri6	288	554	643	1906	2952	1908	
495	Tri6	320	645	786	2098	3131	2100	
496	Tri6	287	646	860	1902	3134	1903	
497	Tri6	276	412	805	1821	2534	1825	
498	Tri6	308	501	649	2027	2826	2029	
499	Tri6	308	649	737	2029	3136	2030	
500	Tri6	406	865	787	2513	3243	2511	
501	Tri6	321	517	651	2102	2861	2104	
502	Tri6	321	651	751	2104	3140	2105	
503	Tri6	325	523	652	2126	2875	2128	
504	Tri6	325	652	754	2128	3141	2129	
505	Tri6	275	653	410	1815	2526	1814	
506	Tri6	326	655	762	2134	3146	2135	
507	Tri6	326	578	655	2132	3002	2134	
508	Tri6	271	825	343	1792	2235	1787	
509	Tri6	511	658	642	2849	3125	2847	
510	Tri6	313	660	726	2057	3150	2058	
511	Tri6	313	588	660	2056	3025	2057	
512	Tri6	512	661	646	2852	3132	2851	
513	Tri6	286	475	663	1893	2754	1894	
514	Tri6	337	664	859	2202	3157	2204	
515	Tri6	286	663	664	1894	3153	1895	
516	Tri6	276	665	664	1824	3156	1823	
517	Tri6	286	664	665	1895	3156	1896	
518	Tri6	318	514	667	2085	2855	2087	
519	Tri6	318	667	777	2087	3161	2088	
520	Tri6	646	661	805	3132	3151	3133	
521	Tri6	284	473	668	1879	2748	1880	
522	Tri6	338	669	854	2207	3166	2209	
523	Tri6	284	668	669	1880	3162	1881	
524	Tri6	275	670	669	1817	3165	1816	
525	Tri6	284	669	670	1881	3165	1882	
526	Tri6	293	499	672	1936	2822	1938	
527	Tri6	293	672	776	1938	3169	1939	
528	Tri6	307	503	673	2021	2831	2023	
529	Tri6	307	673	750	2023	3170	2024	
530	Tri6	319	550	674	2091	2939	2093	
531	Tri6	319	674	776	2093	3171	2094	
532	Tri6	274	764	345	1812	2245	1806	
533	Tri6	333	686	676	2178	3175	2177	
534	Tri6	334	685	677	2185	3177	2184	
535	Tri6	294	527	678	1942	2884	1944	
536	Tri6	294	678	777	1944	3179	1945	
537	Tri6	309	679	761	2035	3180	2036	
538	Tri6	309	565	679	2033	2976	2035	
539	Tri6	311	595	680	2044	3039	2046	
540	Tri6	311	680	784	2046	3181	2047	
541	Tri6	322	562	682	2107	2970	2109	
542	Tri6	319	824	484	2095	2781	2090	
543	Tri6	297	580	684	1960	3007	1962	
544	Tri6	297	684	786	1962	3185	1963	
545	Tri6	420	685	620	2568	3092	2566	
546	Tri6	348	620	685	2259	3092	2260	
547	Tri6	419	686	618	2564	3090	2562	
548	Tri6	346	618	686	2249	3090	2250	
549	Tri6	314	579	688	2062	3005	2064	
550	Tri6	300	547	689	1978	2932	1980	
551	Tri6	300	689	782	1980	3186	1981	
552	Tri6	292	553	690	1931	2948	1933	
553	Tri6	322	612	691	2108	3080	2110	
554	Tri6	285	577	738	1886	3000	1889	
555	Tri6	341	395	694	2222	2459	2224	
556	Tri6	479	502	694	2767	2828	2769	
557	Tri6	443	524	695	2652	2877	2654	
558	Tri6	274	443	695	1808	2654	1811	
559	Tri6	342	393	696	2227	2450	2229	
560	Tri6	393	474	696	2448	2753	2450	
561	Tri6	441	522	697	2644	2874	2646	
562	Tri6	273	441	697	1801	2646	1805	
563	Tri6	289	698	725	1914	3196	1916	
564	Tri6	316	796	433	2077	2616	2072	
565	Tri6	320	604	701	2097	3057	2099	
566	Tri6	324	702	519	2123	2866	2121	
567	Tri6	553	702	586	2949	3022	2947	
568	Tri6	299	608	703	1972	3069	1974	
569	Tri6	327	593	705	2138	3036	2140	
570	Tri6	546	710	636	2930	3118	2929	
571	Tri6	296	710	551	1957	2942	1955	
572	Tri6	545	711	638	2927	3120	2926	
573	Tri6	295	711	556	1951	2956	1949	
574	Tri6	349	712	529	2266	2889	2262	
575	Tri6	399	851	712	2479	3205	2477	
576	Tri6	338	396	780	2205	2465	2208	
577	Tri6	354	716	446	2289	2660	2286	
578	Tri6	391	491	715	2440	2803	2443	
579	Tri6	272	715	539	1797	2912	1795	
580	Tri6	289	539	715	1912	2912	1915	
581	Tri6	322	691	837	2110	3188	2112	
582	Tri6	449	716	483	2673	2777	2672	
583	Tri6	302	717	821	1992	3208	1993	
584	Tri6	302	597	717	1989	3045	1992	
585	Tri6	388	497	718	2426	2817	2428	
586	Tri6	271	718	557	1791	2959	1789	
587	Tri6	290	557	718	1921	2959	1923	
588	Tri6	394	719	496	2453	2814	2452	
589	Tri6	301	720	525	1987	2879	1985	
590	Tri6	579	720	594	3006	3038	3004	
591	Tri6	520	724	662	2869	3152	2868	
592	Tri6	291	724	584	1927	3019	1924	
593	Tri6	289	725	633	1916	3113	1913	
594	Tri6	394	803	725	2456	3214	2454	
595	Tri6	298	726	526	1969	2882	1967	
596	Tri6	582	726	600	3013	3051	3011	
597	Tri6	442	727	480	2648	2771	2647	
598	Tri6	386	728	488	2419	2793	2417	
599	Tri6	386	503	728	2418	2832	2419	
600	Tri6	282	476	729	1864	2758	1866	
601	Tri6	468	729	510	2737	2846	2736	
602	Tri6	276	855	412	1826	2536	1821	
603	Tri6	401	852	793	2489	3245	2488	
604	Tri6	447	730	492	2663	2805	2662	
605	Tri6	341	873	395	2226	2461	2222	
606	Tri6	98	357	99	1216	1220	1215	
607	Tri6	434	731	472	2618	2747	2617	
608	Tri6	367	868	447	2342	2666	2339	
609	Tri6	374	733	487	2370	2789	2368	
610	Tri6	374	517	733	2369	2862	2370	
611	Tri6	310	734	566	2042	2979	2040	
612	Tri6	567	734	648	2981	3135	2980	
613	Tri6	283	735	458	1875	2703	1871	
614	Tri6	346	458	735	2246	2703	2251	
615	Tri6	360	736	450	2313	2677	2311	
616	Tri6	360	494	736	2312	2811	2313	
617	Tri6	330	737	564	2160	2974	2158	
618	Tri6	569	737	598	2985	3048	2984	
619	Tri6	285	738	457	1889	2700	1885	
620	Tri6	348	457	738	2256	2700	2261	
621	Tri6	280	431	739	1849	2606	1852	
622	Tri6	450	739	500	2678	2825	2676	
623	Tri6	281	477	740	1857	2762	1859	
624	Tri6	462	740	523	2718	2876	2717	
625	Tri6	286	741	457	1897	2701	1892	
626	Tri6	457	741	624	2701	3100	2699	
627	Tri6	370	742	466	2354	2732	2351	
628	Tri6	370	499	742	2352	2823	2354	
629	Tri6	284	743	458	1883	2704	1878	
630	Tri6	458	743	614	2704	3084	2702	
631	Tri6	280	432	744	1850	2609	1853	
632	Tri6	431	744	467	2607	2735	2605	
633	Tri6	278	427	745	1835	2593	1839	
634	Tri6	433	745	478	2614	2766	2613	
635	Tri6	340	869	456	2221	2698	2217	
636	Tri6	77	362	78	1140	1144	1139	
637	Tri6	364	747	436	2329	2628	2327	
638	Tri6	364	482	747	2328	2775	2329	
639	Tri6	278	748	446	1840	2661	1837	
640	Tri6	446	748	501	2661	2827	2659	
641	Tri6	844	749	448	3225	2669	2671	
642	Tri6	448	749	513	2669	2854	2667	
643	Tri6	332	750	534	2172	2900	2170	
644	Tri6	571	602	750	2987	3053	2988	
645	Tri6	537	751	651	2908	3140	2907	
646	Tri6	321	751	606	2105	3063	2103	
647	Tri6	277	484	752	1829	2779	1832	
648	Tri6	470	752	528	2742	2887	2741	
649	Tri6	356	481	864	2295	2773	2297	
650	Tri6	74	360	75	1129	1133	1128	
651	Tri6	278	753	427	1841	2594	1835	
652	Tri6	427	753	485	2594	2783	2592	
653	Tri6	304	754	540	2006	2915	2004	
654	Tri6	609	754	627	3072	3105	3071	
655	Tri6	840	755	435	3228	2623	2625	
656	Tri6	435	755	515	2623	2858	2621	
657	Tri6	331	756	532	2166	2895	2164	
658	Tri6	572	616	756	2989	3088	2990	
659	Tri6	333	757	473	2179	2750	2175	
660	Tri6	473	757	668	2750	3163	2748	
661	Tri6	334	758	475	2186	2756	2182	
662	Tri6	475	758	663	2756	3154	2754	
663	Tri6	282	463	759	1862	2721	1867	
664	Tri6	476	759	514	2759	2856	2757	
665	Tri6	464	866	552	2727	2946	2724	
666	Tri6	372	760	465	2362	2730	2359	
667	Tri6	372	527	760	2360	2885	2362	
668	Tri6	560	761	679	2966	3180	2965	
669	Tri6	309	761	613	2036	3082	2034	
670	Tri6	561	762	655	2969	3146	2968	
671	Tri6	326	762	615	2135	3086	2133	
672	Tri6	345	764	459	2245	2706	2241	
673	Tri6	358	810	764	2306	3234	2305	
674	Tri6	347	273	460	1799	1802	2252	
675	Tri6	352	460	273	2278	1802	1800	
676	Tri6	371	765	468	2358	2738	2355	
677	Tri6	371	547	765	2356	2933	2358	
678	Tri6	332	766	427	2173	2595	2168	
679	Tri6	332	534	766	2170	2901	2173	
680	Tri6	385	767	837	2415	3235	2416	
681	Tri6	385	565	767	2413	2977	2415	
682	Tri6	277	461	768	1827	2714	1833	
683	Tri6	484	768	550	2780	2940	2778	
684	Tri6	283	769	453	1876	2688	1870	
685	Tri6	285	771	452	1890	2685	1884	
686	Tri6	301	772	434	1988	2619	1983	
687	Tri6	301	525	772	1985	2880	1988	
688	Tri6	377	774	493	2383	2808	2381	
689	Tri6	377	578	774	2382	3003	2383	
690	Tri6	368	432	775	2343	2611	2346	
691	Tri6	293	776	596	1939	3042	1937	
692	Tri6	605	776	672	3060	3169	3059	
693	Tri6	592	777	678	3033	3179	3032	
694	Tri6	294	777	607	1945	3066	1943	
695	Tri6	362	435	778	2319	2624	2322	
696	Tri6	279	779	488	1847	2794	1844	
697	Tri6	488	779	595	2794	3040	2792	
698	Tri6	389	780	693	2432	3192	2431	
699	Tri6	396	693	780	2464	3192	2465	
700	Tri6	344	781	576	2239	2997	2238	
701	Tri6	403	576	781	2496	2997	2497	
702	Tri6	593	782	689	3037	3186	3035	
703	Tri6	300	782	631	1981	3109	1979	
704	Tri6	277	783	487	1834	2790	1830	
705	Tri6	487	783	580	2790	3008	2788	
706	Tri6	299	784	608	1975	3070	1972	
707	Tri6	610	784	626	3075	3102	3074	
708	Tri6	343	785	573	2234	2991	2233	
709	Tri6	402	573	785	2491	2991	2492	
710	Tri6	604	786	684	3058	3185	3056	
711	Tri6	297	786	622	1963	3095	1961	
712	Tri6	280	831	432	1854	2612	1850	
713	Tri6	406	787	725	2511	3213	2510	
714	Tri6	295	788	450	1952	2679	1947	
715	Tri6	295	556	788	1949	2957	1952	
716	Tri6	361	426	789	2315	2590	2318	
717	Tri6	312	353	430	2049	2282	2050	
718	Tri6	312	537	353	2052	2284	2049	
719	Tri6	330	790	436	2161	2629	2156	
720	Tri6	330	564	790	2158	2975	2161	
721	Tri6	365	448	791	2331	2670	2334	
722	Tri6	403	781	839	2497	3239	2499	
723	Tri6	410	653	852	2526	3143	2528	
724	Tri6	296	794	449	1958	2675	1953	
725	Tri6	296	551	794	1955	2943	1958	
726	Tri6	350	795	818	2272	3247	2273	
727	Tri6	406	698	795	2509	3197	2512	
728	Tri6	366	433	796	2335	2616	2338	
729	Tri6	449	753	716	2674	3207	2673	
730	Tri6	298	797	437	1970	2633	1965	
731	Tri6	298	526	797	1967	2883	1970	
732	Tri6	451	862	798	2683	3249	2682	
733	Tri6	402	798	573	2493	2992	2491	
734	Tri6	367	447	799	2339	2664	2341	
735	Tri6	299	440	850	1971	2642	1976	
736	Tri6	354	446	308	2286	2026	2025	
737	Tri6	354	308	569	2025	2028	2288	
738	Tri6	381	463	801	2397	2723	2400	
739	Tri6	355	431	304	2290	2002	2001	
740	Tri6	355	304	540	2001	2004	2292	
741	Tri6	464	779	866	2725	3237	2727	
742	Tri6	403	802	576	2498	2998	2496	
743	Tri6	339	856	454	2214	2692	2211	
744	Tri6	337	803	496	2203	2815	2200	
745	Tri6	394	496	803	2452	2815	2456	
746	Tri6	310	351	442	2037	2274	2038	
747	Tri6	310	566	351	2040	2276	2037	
748	Tri6	335	804	658	2193	3147	2190	
749	Tri6	335	670	804	2191	3168	2193	
750	Tri6	336	805	661	2199	3151	2196	
751	Tri6	336	665	805	2197	3159	2199	
752	Tri6	392	807	817	2445	3252	2446	
753	Tri6	340	847	455	2220	2695	2216	
754	Tri6	379	461	809	2389	2715	2392	
755	Tri6	409	826	591	2524	3031	2522	
756	Tri6	370	466	309	2351	2032	2031	
757	Tri6	370	309	613	2031	2034	2353	
758	Tri6	459	810	773	2708	3236	2707	
759	Tri6	502	773	810	2829	3236	2830	
760	Tri6	325	811	462	2130	2719	2125	
761	Tri6	325	609	811	2127	3073	2130	
762	Tri6	293	812	477	1940	2764	1935	
763	Tri6	293	596	812	1937	3043	1940	
764	Tri6	384	476	813	2409	2760	2412	
765	Tri6	297	814	487	1964	2791	1959	
766	Tri6	297	622	814	1961	3096	1964	
767	Tri6	396	404	848	2462	2503	2466	
768	Tri6	372	465	307	2359	2020	2019	
769	Tri6	372	307	602	2019	2022	2361	
770	Tri6	327	815	639	2142	3121	2139	
771	Tri6	415	819	815	2549	3255	2548	
772	Tri6	386	488	816	2417	2795	2420	
773	Tri6	339	862	451	2215	2683	2210	
774	Tri6	412	855	817	2536	3256	2535	
775	Tri6	83	354	84	1162	1165	1161	
776	Tri6	350	818	521	2273	2872	2268	
777	Tri6	405	849	818	2508	3258	2507	
778	Tri6	504	732	820	2833	3219	2834	
779	Tri6	302	821	611	1993	3079	1990	
780	Tri6	421	808	821	2572	3254	2573	
781	Tri6	303	371	468	1995	2355	1996	
782	Tri6	303	616	371	1998	2357	1995	
783	Tri6	294	822	486	1946	2786	1941	
784	Tri6	294	607	822	1943	3067	1946	
785	Tri6	322	823	612	2111	3081	2108	
786	Tri6	302	612	823	1991	3081	1994	
787	Tri6	383	484	824	2405	2781	2408	
788	Tri6	418	825	757	2560	3230	2558	
789	Tri6	417	827	758	2556	3231	2554	
790	Tri6	328	828	464	2149	2726	2145	
791	Tri6	328	621	828	2147	3093	2149	
792	Tri6	489	829	763	2797	3232	2796	
793	Tri6	675	763	829	3173	3232	3174	
794	Tri6	352	696	507	2280	2839	2279	
795	Tri6	474	507	696	2752	2839	2753	
796	Tri6	436	831	736	2630	3221	2627	
797	Tri6	450	736	831	2677	3221	2680	
798	Tri6	453	833	575	2689	2996	2687	
799	Tri6	498	835	746	2820	3222	2819	
800	Tri6	692	746	835	3190	3222	3191	
801	Tri6	452	836	577	2686	3001	2684	
802	Tri6	423	863	700	2580	3200	2579	
803	Tri6	584	700	863	3018	3200	3020	
804	Tri6	490	562	837	2799	2971	2801	
805	Tri6	490	837	767	2801	3235	2800	
806	Tri6	402	838	530	2494	2892	2490	
807	Tri6	333	530	838	2176	2892	2180	
808	Tri6	403	839	533	2499	2898	2495	
809	Tri6	334	533	839	2183	2898	2187	
810	Tri6	413	858	699	2541	3199	2540	
811	Tri6	582	699	858	3012	3199	3014	
812	Tri6	447	840	730	2665	3216	2663	
813	Tri6	435	730	840	2622	3216	2625	
814	Tri6	551	841	794	2944	3246	2943	
815	Tri6	359	794	841	2309	3246	2310	
816	Tri6	300	842	493	1982	2809	1977	
817	Tri6	300	631	842	1979	3110	1982	
818	Tri6	442	844	727	2650	3215	2648	
819	Tri6	448	727	844	2668	3215	2671	
820	Tri6	305	369	470	2008	2347	2009	
821	Tri6	305	629	369	2011	2349	2008	
822	Tri6	511	274	658	1809	1810	2849	
823	Tri6	345	658	274	2244	1810	1806	
824	Tri6	343	825	785	2235	3241	2234	
825	Tri6	418	785	825	2559	3241	2560	
826	Tri6	512	273	661	1803	1804	2852	
827	Tri6	347	661	273	2255	1804	1799	
828	Tri6	320	444	645	2096	2655	2098	
829	Tri6	429	645	444	2601	2655	2599	
830	Tri6	644	845	722	3130	3212	3129	
831	Tri6	495	722	845	2812	3212	2813	
832	Tri6	597	846	717	3047	3209	3045	
833	Tri6	425	717	846	2586	3209	2587	
834	Tri6	498	746	847	2819	3223	2821	
835	Tri6	344	827	781	2240	3238	2239	
836	Tri6	417	781	827	2555	3238	2556	
837	Tri6	404	544	848	2501	2924	2503	
838	Tri6	405	709	849	2506	3204	2508	
839	Tri6	299	850	626	1976	3103	1973	
840	Tri6	439	857	850	2640	3263	2639	
841	Tri6	399	721	851	2478	3211	2479	
842	Tri6	410	852	642	2528	3127	2525	
843	Tri6	71	353	72	1119	1122	1118	
844	Tri6	327	639	853	2139	3123	2143	
845	Tri6	376	557	854	2376	2960	2380	
846	Tri6	376	854	668	2380	3164	2377	
847	Tri6	392	855	719	2447	3210	2444	
848	Tri6	496	719	855	2814	3210	2816	
849	Tri6	489	763	856	2796	3233	2798	
850	Tri6	549	588	858	2937	3026	2938	
851	Tri6	413	549	858	2539	2938	2541	
852	Tri6	373	539	859	2363	2913	2367	
853	Tri6	373	859	663	2367	3155	2364	
854	Tri6	412	860	646	2537	3134	2533	
855	Tri6	412	817	860	2535	3257	2537	
856	Tri6	339	548	862	2213	2936	2215	
857	Tri6	548	573	862	2935	2993	2936	
858	Tri6	538	589	863	2909	3028	2910	
859	Tri6	423	538	863	2578	2910	2580	
860	Tri6	110	359	111	1258	1262	1257	
861	Tri6	650	865	795	3139	3248	3138	
862	Tri6	432	831	747	2612	3224	2610	
863	Tri6	436	747	831	2628	3224	2630	
864	Tri6	576	802	869	2998	3250	2999	
865	Tri6	107	351	108	1248	1251	1247	
866	Tri6	113	361	114	1269	1273	1268	
867	Tri6	426	864	481	2591	2773	2588	
868	Tri6	340	541	869	2219	2918	2221	
869	Tri6	177	342	178	1495	1499	1494	
870	Tri6	349	871	712	2267	3206	2266	
871	Tri6	543	712	871	2921	3206	2922	
872	Tri6	134	356	135	1343	1347	1342	
873	Tri6	125	363	126	1311	1315	1310	
874	Tri6	89	364	90	1183	1187	1182	
875	Tri6	80	365	81	1151	1155	1150	
876	Tri6	92	366	93	1194	1198	1193	
877	Tri6	44	367	45	1026	1030	1025	
878	Tri6	56	368	57	1068	1072	1067	
879	Tri6	35	369	36	994	997	993	
880	Tri6	11	370	12	911	914	910	
881	Tri6	143	371	144	1374	1377	1373	
882	Tri6	119	372	120	1291	1294	1290	
883	Tri6	62	374	63	1089	1093	1088	
884	Tri6	38	375	39	1004	1008	1003	
885	Tri6	170	377	171	1470	1474	1469	
886	Tri6	146	378	147	1384	1388	1383	
887	Tri6	41	379	42	1015	1019	1014	
888	Tri6	53	380	54	1057	1061	1056	
889	Tri6	149	381	150	1395	1399	1394	
890	Tri6	161	382	162	1439	1443	1438	
891	Tri6	8	383	9	900	904	899	
892	Tri6	116	384	117	1280	1284	1279	
893	Tri6	20	385	21	942	946	941	
894	Tri6	128	386	129	1322	1326	1321	
895	Tri6	179	387	180	1502	1504	1501	
896	Tri6	3	389	4	883	887	882	
897	Tri6	17	390	18	932	935	931	
898	Tri6	153	392	154	1410	1414	1409	
899	Tri6	177	393	342	1496	2227	1495	
900	Tri6	264	265	397	1765	1769	1766	
901	Tri6	219	220	398	1626	1630	1627	
902	Tri6	230	231	402	1660	1664	1661	
903	Tri6	185	186	403	1519	1523	1520	
904	Tri6	237	238	407	1682	1686	1683	
905	Tri6	192	193	409	1541	1545	1542	
906	Tri6	205	206	411	1583	1587	1584	
907	Tri6	243	244	413	1700	1704	1701	
908	Tri6	256	257	415	1740	1744	1741	
909	Tri6	250	251	416	1722	1726	1723	
910	Tri6	211	212	421	1601	1605	1602	
911	Tri6	254	255	422	1734	1738	1735	
912	Tri6	198	199	423	1560	1564	1561	
913	Tri6	209	210	425	1595	1599	1596	
914	Tri6	65	429	66	1100	1103	1099	
915	Tri6	239	240	429	1688	1692	1689	
916	Tri6	211	421	438	1602	2570	1603	
917	Tri6	210	438	425	1600	2584	1599	
918	Tri6	210	211	438	1598	1603	1600	
919	Tri6	194	195	439	1547	1551	1548	
920	Tri6	193	440	409	1546	2521	1545	
921	Tri6	193	194	440	1544	1549	1546	
922	Tri6	194	439	440	1548	2637	1549	
923	Tri6	238	444	407	1687	2514	1686	
924	Tri6	238	239	444	1685	1690	1687	
925	Tri6	239	429	444	1689	2599	1690	
926	Tri6	256	415	445	1741	2546	1742	
927	Tri6	255	445	422	1739	2574	1738	
928	Tri6	255	256	445	1737	1742	1739	
929	Tri6	232	233	451	1666	1670	1667	
930	Tri6	265	266	452	1768	1772	1770	
931	Tri6	220	221	453	1629	1633	1631	
932	Tri6	28	388	454	970	2425	971	
933	Tri6	27	388	28	967	970	966	
934	Tri6	166	391	455	1457	2439	1458	
935	Tri6	165	391	166	1454	1457	1453	
936	Tri6	187	188	456	1525	1529	1526	
937	Tri6	56	467	368	1069	2344	1068	
938	Tri6	44	469	367	1027	2340	1026	
939	Tri6	71	471	353	1120	2283	1119	
940	Tri6	107	472	351	1249	2275	1248	
941	Tri6	261	262	474	1756	1760	1757	
942	Tri6	125	478	363	1312	2324	1311	
943	Tri6	216	217	479	1617	1621	1618	
944	Tri6	80	480	365	1152	2332	1151	
945	Tri6	134	481	356	1344	2295	1343	
946	Tri6	89	482	364	1184	2328	1183	
947	Tri6	83	483	354	1163	2287	1162	
948	Tri6	110	485	359	1259	2307	1258	
949	Tri6	233	489	451	1671	2681	1670	
950	Tri6	233	234	489	1669	1673	1671	
951	Tri6	77	492	362	1141	2320	1140	
952	Tri6	74	494	360	1130	2312	1129	
953	Tri6	260	261	495	1753	1758	1754	
954	Tri6	261	474	495	1757	2751	1758	
955	Tri6	188	498	456	1530	2696	1529	
956	Tri6	188	189	498	1528	1532	1530	
957	Tri6	11	499	370	912	2352	911	
958	Tri6	47	500	355	1038	2291	1037	
959	Tri6	92	501	366	1195	2336	1194	
960	Tri6	217	218	502	1620	1624	1622	
961	Tri6	217	502	479	1622	2767	1621	
962	Tri6	128	503	386	1323	2418	1322	
963	Tri6	215	216	504	1614	1619	1615	
964	Tri6	216	479	504	1618	2768	1619	
965	Tri6	206	207	505	1586	1590	1588	
966	Tri6	206	505	411	1588	2529	1587	
967	Tri6	251	252	506	1725	1729	1727	
968	Tri6	251	506	416	1727	2550	1726	
969	Tri6	262	507	474	1761	2752	1760	
970	Tri6	262	263	507	1759	1763	1761	
971	Tri6	242	243	508	1697	1702	1698	
972	Tri6	243	413	508	1701	2538	1702	
973	Tri6	197	198	509	1557	1562	1558	
974	Tri6	198	423	509	1561	2577	1562	
975	Tri6	116	510	384	1281	2410	1280	
976	Tri6	113	513	361	1270	2316	1269	
977	Tri6	149	514	381	1396	2398	1395	
978	Tri6	98	515	357	1217	2299	1216	
979	Tri6	268	269	516	1777	1782	1778	
980	Tri6	62	517	374	1090	2369	1089	
981	Tri6	224	225	518	1641	1646	1642	
982	Tri6	57	519	58	1073	1076	1071	
983	Tri6	93	520	94	1199	1202	1197	
984	Tri6	163	521	164	1447	1450	1446	
985	Tri6	179	522	387	1503	2422	1502	
986	Tri6	178	522	179	1500	1503	1498	
987	Tri6	178	342	522	1499	2228	1500	
988	Tri6	38	523	375	1005	2373	1004	
989	Tri6	17	524	390	933	2436	932	
990	Tri6	16	524	17	929	933	927	
991	Tri6	16	341	524	928	2223	929	
992	Tri6	119	527	372	1292	2360	1291	
993	Tri6	8	528	383	901	2406	900	
994	Tri6	25	529	26	960	963	958	
995	Tri6	229	230	530	1656	1662	1657	
996	Tri6	230	402	530	1661	2490	1662	
997	Tri6	205	411	531	1584	2530	1585	
998	Tri6	204	531	414	1581	2542	1580	
999	Tri6	204	205	531	1579	1585	1581	
1000	Tri6	114	532	115	1274	1277	1272	
1001	Tri6	184	185	533	1515	1521	1516	
1002	Tri6	185	403	533	1520	2495	1521	
1003	Tri6	126	534	127	1316	1319	1314	
1004	Tri6	61	72	537	1085	1123	1086	
1005	Tri6	72	353	537	1122	2284	1123	
1006	Tri6	199	538	423	1565	2578	1564	
1007	Tri6	199	200	538	1563	1568	1565	
1008	Tri6	200	428	538	1567	2596	1568	
1009	Tri6	37	48	540	1000	1041	1001	
1010	Tri6	48	355	540	1040	2292	1041	
1011	Tri6	250	416	542	1723	2551	1724	
1012	Tri6	249	542	408	1721	2518	1720	
1013	Tri6	249	250	542	1719	1724	1721	
1014	Tri6	45	545	46	1031	1034	1029	
1015	Tri6	81	546	82	1156	1159	1154	
1016	Tri6	143	547	371	1375	2356	1374	
1017	Tri6	244	549	413	1705	2539	1704	
1018	Tri6	244	245	549	1703	1708	1705	
1019	Tri6	245	424	549	1707	2581	1708	
1020	Tri6	41	550	379	1016	2390	1015	
1021	Tri6	146	552	378	1385	2386	1384	
1022	Tri6	87	553	88	1176	1180	1175	
1023	Tri6	18	390	558	935	2437	936	
1024	Tri6	58	559	59	1077	1079	1075	
1025	Tri6	58	519	559	1076	2865	1077	
1026	Tri6	18	560	19	937	939	934	
1027	Tri6	18	558	560	936	2961	937	
1028	Tri6	169	180	561	1466	1505	1467	
1029	Tri6	53	562	380	1058	2395	1057	
1030	Tri6	253	254	563	1731	1736	1732	
1031	Tri6	139	563	140	1361	1365	1360	
1032	Tri6	90	564	91	1188	1191	1186	
1033	Tri6	20	565	385	943	2413	942	
1034	Tri6	97	108	566	1212	1252	1213	
1035	Tri6	108	351	566	1251	2276	1252	
1036	Tri6	78	567	79	1145	1148	1143	
1037	Tri6	73	84	569	1125	1166	1126	
1038	Tri6	84	354	569	1165	2288	1166	
1039	Tri6	180	570	561	1506	2967	1505	
1040	Tri6	180	387	570	1504	2423	1506	
1041	Tri6	109	571	110	1255	1260	1253	
1042	Tri6	110	571	485	1260	2782	1259	
1043	Tri6	133	572	134	1340	1345	1338	
1044	Tri6	134	572	481	1345	2772	1344	
1045	Tri6	223	224	575	1638	1643	1639	
1046	Tri6	267	268	577	1774	1779	1775	
1047	Tri6	170	578	377	1471	2382	1470	
1048	Tri6	105	579	106	1242	1245	1241	
1049	Tri6	35	580	369	995	2348	994	
1050	Tri6	236	237	581	1679	1684	1680	
1051	Tri6	237	407	581	1683	2515	1684	
1052	Tri6	69	582	70	1113	1116	1112	
1053	Tri6	246	247	583	1710	1714	1711	
1054	Tri6	102	583	103	1232	1235	1230	
1055	Tri6	123	584	124	1305	1308	1304	
1056	Tri6	49	585	50	1044	1048	1042	
1057	Tri6	208	209	585	1592	1597	1593	
1058	Tri6	88	553	586	1180	2947	1181	
1059	Tri6	88	586	89	1181	1185	1179	
1060	Tri6	89	586	482	1185	2774	1184	
1061	Tri6	1	587	2	876	880	874	
1062	Tri6	2	587	555	880	2953	879	
1063	Tri6	124	584	590	1308	3017	1309	
1064	Tri6	124	590	125	1309	1313	1307	
1065	Tri6	125	590	478	1313	2765	1312	
1066	Tri6	191	192	591	1538	1543	1539	
1067	Tri6	192	409	591	1542	2522	1543	
1068	Tri6	117	592	118	1285	1288	1283	
1069	Tri6	141	593	142	1368	1371	1367	
1070	Tri6	106	579	594	1245	3004	1246	
1071	Tri6	106	594	107	1246	1250	1244	
1072	Tri6	107	594	472	1250	2746	1249	
1073	Tri6	161	595	382	1440	2402	1439	
1074	Tri6	51	597	52	1051	1054	1050	
1075	Tri6	73	569	598	1126	2984	1127	
1076	Tri6	73	598	74	1127	1131	1124	
1077	Tri6	74	598	494	1131	2810	1130	
1078	Tri6	257	258	599	1743	1747	1745	
1079	Tri6	257	599	415	1745	2547	1744	
1080	Tri6	70	582	600	1116	3011	1117	
1081	Tri6	70	600	71	1117	1121	1115	
1082	Tri6	71	600	471	1121	2744	1120	
1083	Tri6	97	566	601	1213	2978	1214	
1084	Tri6	97	601	98	1214	1218	1211	
1085	Tri6	98	601	515	1218	2857	1217	
1086	Tri6	109	120	602	1254	1295	1256	
1087	Tri6	109	602	571	1256	2987	1255	
1088	Tri6	120	372	602	1294	2361	1295	
1089	Tri6	212	213	603	1604	1608	1606	
1090	Tri6	212	603	421	1606	2571	1605	
1091	Tri6	33	604	34	987	991	986	
1092	Tri6	9	605	10	905	908	903	
1093	Tri6	42	606	43	1020	1023	1018	
1094	Tri6	159	608	160	1432	1436	1431	
1095	Tri6	54	609	55	1062	1065	1060	
1096	Tri6	129	610	130	1327	1330	1325	
1097	Tri6	22	611	23	949	953	948	
1098	Tri6	22	612	611	950	3077	949	
1099	Tri6	1	12	613	875	915	877	
1100	Tri6	1	613	587	877	3023	876	
1101	Tri6	12	370	613	914	2353	915	
1102	Tri6	150	615	151	1400	1403	1398	
1103	Tri6	133	144	616	1339	1378	1341	
1104	Tri6	133	616	572	1341	2989	1340	
1105	Tri6	144	371	616	1377	2357	1378	
1106	Tri6	225	618	518	1647	2863	1646	
1107	Tri6	225	226	618	1645	1649	1647	
1108	Tri6	226	419	618	1648	2562	1649	
1109	Tri6	43	606	619	1023	3062	1024	
1110	Tri6	43	619	44	1024	1028	1022	
1111	Tri6	44	619	469	1028	2739	1027	
1112	Tri6	269	620	516	1783	2859	1782	
1113	Tri6	269	270	620	1781	1785	1783	
1114	Tri6	270	420	620	1784	2566	1785	
1115	Tri6	162	621	163	1444	1448	1442	
1116	Tri6	163	621	521	1448	2871	1447	
1117	Tri6	85	623	86	1169	1172	1167	
1118	Tri6	202	203	623	1573	1577	1574	
1119	Tri6	130	626	131	1331	1333	1329	
1120	Tri6	130	610	626	1330	3074	1331	
1121	Tri6	55	609	627	1065	3071	1066	
1122	Tri6	55	627	56	1066	1070	1064	
1123	Tri6	56	627	467	1070	2734	1069	
1124	Tri6	136	628	137	1351	1354	1349	
1125	Tri6	136	525	628	1350	2878	1351	
1126	Tri6	25	36	629	959	998	961	
1127	Tri6	25	629	529	961	2888	960	
1128	Tri6	36	369	629	997	2349	998	
1129	Tri6	85	96	630	1168	1209	1170	
1130	Tri6	201	202	630	1570	1575	1571	
1131	Tri6	85	630	623	1170	3097	1169	
1132	Tri6	202	623	630	1574	3097	1575	
1133	Tri6	76	556	632	1137	2955	1138	
1134	Tri6	76	632	77	1138	1142	1136	
1135	Tri6	77	632	492	1142	2804	1141	
1136	Tri6	66	634	67	1104	1106	1102	
1137	Tri6	240	241	634	1691	1695	1693	
1138	Tri6	112	551	635	1265	2941	1266	
1139	Tri6	112	635	113	1266	1271	1264	
1140	Tri6	113	635	513	1271	2853	1270	
1141	Tri6	82	546	636	1159	2929	1160	
1142	Tri6	82	636	83	1160	1164	1158	
1143	Tri6	83	636	483	1164	2776	1163	
1144	Tri6	46	545	638	1034	2926	1035	
1145	Tri6	46	638	47	1035	1039	1033	
1146	Tri6	47	638	500	1039	2824	1038	
1147	Tri6	172	639	173	1478	1482	1476	
1148	Tri6	151	615	640	1403	3085	1404	
1149	Tri6	151	640	152	1404	1407	1402	
1150	Tri6	152	640	536	1407	2905	1406	
1151	Tri6	175	644	176	1489	1492	1488	
1152	Tri6	64	645	65	1097	1101	1095	
1153	Tri6	65	645	429	1101	2601	1100	
1154	Tri6	64	622	645	1096	3094	1097	
1155	Tri6	103	647	104	1236	1239	1234	
1156	Tri6	247	248	647	1713	1718	1715	
1157	Tri6	103	583	647	1235	3015	1236	
1158	Tri6	247	647	583	1715	3015	1714	
1159	Tri6	79	567	648	1148	2980	1149	
1160	Tri6	79	648	80	1149	1153	1147	
1161	Tri6	80	648	480	1153	2770	1152	
1162	Tri6	91	564	649	1191	2973	1192	
1163	Tri6	91	649	92	1192	1196	1190	
1164	Tri6	92	649	501	1196	2826	1195	
1165	Tri6	145	156	650	1380	1420	1381	
1166	Tri6	61	537	651	1086	2907	1087	
1167	Tri6	61	651	62	1087	1091	1084	
1168	Tri6	62	651	517	1091	2861	1090	
1169	Tri6	37	540	652	1001	2914	1002	
1170	Tri6	37	652	38	1002	1006	999	
1171	Tri6	38	652	523	1006	2875	1005	
1172	Tri6	195	196	654	1550	1554	1552	
1173	Tri6	195	654	439	1552	2638	1551	
1174	Tri6	169	561	655	1467	2968	1468	
1175	Tri6	169	655	170	1468	1472	1465	
1176	Tri6	170	655	578	1472	3002	1471	
1177	Tri6	145	650	656	1381	3137	1382	
1178	Tri6	145	656	146	1382	1386	1379	
1179	Tri6	146	656	552	1386	2945	1385	
1180	Tri6	252	657	506	1730	2837	1729	
1181	Tri6	139	657	563	1362	2972	1361	
1182	Tri6	252	253	657	1728	1733	1730	
1183	Tri6	253	563	657	1732	2972	1733	
1184	Tri6	138	657	139	1358	1362	1356	
1185	Tri6	138	506	657	1357	2837	1358	
1186	Tri6	13	659	14	918	921	916	
1187	Tri6	100	526	660	1223	2881	1224	
1188	Tri6	100	660	101	1224	1229	1222	
1189	Tri6	101	660	588	1229	3025	1228	
1190	Tri6	94	520	662	1202	2868	1203	
1191	Tri6	94	662	95	1203	1207	1201	
1192	Tri6	95	662	589	1207	3027	1206	
1193	Tri6	196	197	666	1553	1559	1555	
1194	Tri6	197	509	666	1558	2843	1559	
1195	Tri6	121	666	122	1298	1302	1296	
1196	Tri6	122	666	509	1302	2843	1301	
1197	Tri6	148	607	667	1392	3065	1393	
1198	Tri6	148	667	149	1393	1397	1391	
1199	Tri6	149	667	514	1397	2855	1396	
1200	Tri6	207	671	505	1591	2835	1590	
1201	Tri6	49	671	585	1045	3021	1044	
1202	Tri6	49	60	671	1043	1082	1045	
1203	Tri6	60	505	671	1081	2835	1082	
1204	Tri6	207	208	671	1589	1594	1591	
1205	Tri6	208	585	671	1593	3021	1594	
1206	Tri6	10	605	672	908	3059	909	
1207	Tri6	10	672	11	909	913	907	
1208	Tri6	11	672	499	913	2822	912	
1209	Tri6	127	534	673	1319	2899	1320	
1210	Tri6	127	673	128	1320	1324	1318	
1211	Tri6	128	673	503	1324	2831	1323	
1212	Tri6	40	596	674	1012	3041	1013	
1213	Tri6	40	674	41	1013	1017	1011	
1214	Tri6	41	674	550	1017	2939	1016	
1215	Tri6	30	675	31	977	980	976	
1216	Tri6	229	530	676	1657	2891	1658	
1217	Tri6	184	533	677	1516	2897	1517	
1218	Tri6	118	592	678	1288	3032	1289	
1219	Tri6	118	678	119	1289	1293	1287	
1220	Tri6	119	678	527	1293	2884	1292	
1221	Tri6	19	560	679	939	2965	940	
1222	Tri6	19	679	20	940	944	938	
1223	Tri6	20	679	565	944	2976	943	
1224	Tri6	160	608	680	1436	3068	1437	
1225	Tri6	160	680	161	1437	1441	1435	
1226	Tri6	161	680	595	1441	3039	1440	
1227	Tri6	115	532	681	1277	2894	1278	
1228	Tri6	115	681	116	1278	1282	1276	
1229	Tri6	116	681	510	1282	2845	1281	
1230	Tri6	52	597	682	1054	3044	1055	
1231	Tri6	52	682	53	1055	1059	1053	
1232	Tri6	53	682	562	1059	2970	1058	
1233	Tri6	7	683	8	897	902	896	
1234	Tri6	8	683	528	902	2886	901	
1235	Tri6	34	604	684	991	3056	992	
1236	Tri6	34	684	35	992	996	990	
1237	Tri6	35	684	580	996	3007	995	
1238	Tri6	242	508	687	1698	2841	1699	
1239	Tri6	67	634	687	1106	3116	1107	
1240	Tri6	67	687	68	1107	1110	1105	
1241	Tri6	68	687	508	1110	2841	1109	
1242	Tri6	241	687	634	1696	3116	1695	
1243	Tri6	241	242	687	1694	1699	1696	
1244	Tri6	105	688	579	1243	3005	1242	
1245	Tri6	104	688	105	1240	1243	1237	
1246	Tri6	104	408	688	1238	2520	1240	
1247	Tri6	142	593	689	1371	3035	1372	
1248	Tri6	142	689	143	1372	1376	1370	
1249	Tri6	143	689	547	1376	2932	1375	
1250	Tri6	87	690	553	1177	2948	1176	
1251	Tri6	21	385	691	946	2414	947	
1252	Tri6	21	691	22	947	951	945	
1253	Tri6	22	691	612	951	3080	950	
1254	Tri6	157	168	692	1424	1463	1425	
1255	Tri6	4	693	5	888	890	886	
1256	Tri6	4	389	693	887	2431	888	
1257	Tri6	69	699	582	1114	3012	1113	
1258	Tri6	68	699	69	1111	1114	1108	
1259	Tri6	68	508	699	1109	2842	1111	
1260	Tri6	123	700	584	1306	3018	1305	
1261	Tri6	122	700	123	1303	1306	1300	
1262	Tri6	122	509	700	1301	2844	1303	
1263	Tri6	33	701	604	988	3057	987	
1264	Tri6	159	703	608	1433	3069	1432	
1265	Tri6	7	704	683	898	3184	897	
1266	Tri6	6	704	7	894	898	892	
1267	Tri6	6	544	704	893	2923	894	
1268	Tri6	141	705	593	1369	3036	1368	
1269	Tri6	140	705	141	1366	1369	1363	
1270	Tri6	140	422	705	1364	2576	1366	
1271	Tri6	258	706	599	1748	3049	1747	
1272	Tri6	175	706	644	1490	3128	1489	
1273	Tri6	174	706	175	1486	1490	1484	
1274	Tri6	174	599	706	1485	3049	1486	
1275	Tri6	258	259	706	1746	1751	1748	
1276	Tri6	259	644	706	1750	3128	1751	
1277	Tri6	59	559	707	1079	2964	1080	
1278	Tri6	59	707	60	1080	1083	1078	
1279	Tri6	60	707	505	1083	2836	1081	
1280	Tri6	137	628	708	1354	3106	1355	
1281	Tri6	137	708	138	1355	1359	1353	
1282	Tri6	138	708	506	1359	2838	1357	
1283	Tri6	164	709	165	1451	1455	1449	
1284	Tri6	165	709	391	1455	2442	1454	
1285	Tri6	191	591	713	1539	3030	1540	
1286	Tri6	157	692	713	1425	3189	1426	
1287	Tri6	157	713	158	1426	1429	1423	
1288	Tri6	158	713	591	1429	3030	1428	
1289	Tri6	190	713	692	1536	3189	1535	
1290	Tri6	190	191	713	1534	1540	1536	
1291	Tri6	213	714	603	1609	3054	1608	
1292	Tri6	13	714	659	919	3148	918	
1293	Tri6	213	214	714	1607	1612	1609	
1294	Tri6	214	659	714	1611	3148	1612	
1295	Tri6	13	24	714	917	956	919	
1296	Tri6	24	603	714	955	3054	956	
1297	Tri6	154	392	719	1414	2444	1415	
1298	Tri6	154	719	155	1415	1418	1413	
1299	Tri6	155	719	394	1418	2453	1417	
1300	Tri6	26	721	27	964	968	962	
1301	Tri6	27	721	388	968	2429	967	
1302	Tri6	176	722	177	1493	1497	1491	
1303	Tri6	177	722	393	1497	2451	1496	
1304	Tri6	236	581	723	1680	3009	1681	
1305	Tri6	31	675	723	980	3172	981	
1306	Tri6	235	723	675	1677	3172	1676	
1307	Tri6	235	236	723	1675	1681	1677	
1308	Tri6	31	723	32	981	984	979	
1309	Tri6	32	723	581	984	3009	983	
1310	Tri6	14	732	15	922	925	920	
1311	Tri6	167	746	168	1461	1464	1460	
1312	Tri6	168	746	692	1464	3190	1463	
1313	Tri6	29	763	30	974	978	973	
1314	Tri6	30	763	675	978	3173	977	
1315	Tri6	263	264	770	1762	1767	1764	
1316	Tri6	263	770	507	1764	2840	1763	
1317	Tri6	264	397	770	1766	2469	1767	
1318	Tri6	218	219	773	1623	1628	1625	
1319	Tri6	218	773	502	1625	2829	1624	
1320	Tri6	219	398	773	1627	2474	1628	
1321	Tri6	155	787	156	1419	1421	1416	
1322	Tri6	155	394	787	1417	2455	1419	
1323	Tri6	2	792	3	881	884	878	
1324	Tri6	2	555	792	879	2954	881	
1325	Tri6	3	792	793	884	3244	885	
1326	Tri6	3	793	389	885	2433	883	
1327	Tri6	232	451	798	1667	2682	1668	
1328	Tri6	231	232	798	1663	1668	1665	
1329	Tri6	231	798	402	1665	2493	1664	
1330	Tri6	121	800	666	1299	3160	1298	
1331	Tri6	196	800	654	1556	3144	1554	
1332	Tri6	196	666	800	1555	3160	1556	
1333	Tri6	121	132	800	1297	1336	1299	
1334	Tri6	132	654	800	1335	3144	1336	
1335	Tri6	150	801	615	1401	3087	1400	
1336	Tri6	150	381	801	1399	2400	1401	
1337	Tri6	187	456	802	1526	2697	1527	
1338	Tri6	186	187	802	1522	1527	1524	
1339	Tri6	186	802	403	1524	2498	1523	
1340	Tri6	28	856	29	972	975	969	
1341	Tri6	28	454	856	971	2692	972	
1342	Tri6	152	806	153	1408	1411	1405	
1343	Tri6	152	536	806	1406	2906	1408	
1344	Tri6	153	806	807	1411	3251	1412	
1345	Tri6	153	807	392	1412	2445	1410	
1346	Tri6	166	847	167	1459	1462	1456	
1347	Tri6	166	455	847	1458	2695	1459	
1348	Tri6	23	808	24	954	957	952	
1349	Tri6	24	808	603	957	3055	955	
1350	Tri6	5	693	848	890	3193	891	
1351	Tri6	268	738	577	1780	3000	1779	
1352	Tri6	268	516	738	1778	2860	1780	
1353	Tri6	224	735	575	1644	2995	1643	
1354	Tri6	224	518	735	1642	2864	1644	
1355	Tri6	176	644	722	1492	3129	1493	
1356	Tri6	173	819	174	1483	1487	1481	
1357	Tri6	174	819	599	1487	3050	1485	
1358	Tri6	66	429	634	1103	2600	1104	
1359	Tri6	240	634	429	1693	2600	1692	
1360	Tri6	14	659	820	921	3149	923	
1361	Tri6	14	820	732	923	3219	922	
1362	Tri6	50	585	425	1048	2585	1047	
1363	Tri6	209	425	585	1596	2585	1597	
1364	Tri6	140	563	422	1365	2575	1364	
1365	Tri6	254	422	563	1735	2575	1736	
1366	Tri6	158	826	159	1430	1434	1427	
1367	Tri6	159	826	703	1434	3202	1433	
1368	Tri6	158	591	826	1428	3031	1430	
1369	Tri6	75	360	788	1133	2314	1135	
1370	Tri6	75	788	556	1135	2957	1134	
1371	Tri6	76	75	556	1132	1134	1137	
1372	Tri6	99	357	797	1220	2301	1221	
1373	Tri6	99	797	100	1221	1225	1219	
1374	Tri6	100	797	526	1225	2883	1223	
1375	Tri6	162	828	621	1445	3093	1444	
1376	Tri6	162	382	828	1443	2404	1445	
1377	Tri6	234	829	489	1674	2797	1673	
1378	Tri6	234	235	829	1672	1678	1674	
1379	Tri6	235	675	829	1676	3174	1678	
1380	Tri6	173	639	819	1482	3122	1483	
1381	Tri6	102	830	583	1233	3016	1232	
1382	Tri6	246	583	830	1711	3016	1712	
1383	Tri6	245	830	424	1709	2583	1707	
1384	Tri6	245	246	830	1706	1712	1709	
1385	Tri6	23	611	808	953	3078	954	
1386	Tri6	86	623	832	1172	3098	1173	
1387	Tri6	203	832	623	1578	3098	1577	
1388	Tri6	203	204	832	1576	1582	1578	
1389	Tri6	204	414	832	1580	2544	1582	
1390	Tri6	221	833	453	1634	2689	1633	
1391	Tri6	223	575	833	1639	2996	1640	
1392	Tri6	182	833	221	1512	1634	1510	
1393	Tri6	182	223	833	1511	1640	1512	
1394	Tri6	86	834	87	1174	1178	1171	
1395	Tri6	87	834	690	1178	3187	1177	
1396	Tri6	86	832	834	1173	3259	1174	
1397	Tri6	189	835	498	1533	2820	1532	
1398	Tri6	189	190	835	1531	1537	1533	
1399	Tri6	190	692	835	1535	3191	1537	
1400	Tri6	266	836	452	1773	2686	1772	
1401	Tri6	267	577	836	1775	3001	1776	
1402	Tri6	227	836	266	1653	1773	1651	
1403	Tri6	227	267	836	1652	1776	1653	
1404	Tri6	104	647	408	1239	2519	1238	
1405	Tri6	248	408	647	1717	2519	1718	
1406	Tri6	248	249	408	1716	1720	1717	
1407	Tri6	81	791	546	1157	2931	1156	
1408	Tri6	81	365	791	1155	2334	1157	
1409	Tri6	147	378	822	1388	2387	1390	
1410	Tri6	147	822	607	1390	3067	1389	
1411	Tri6	148	147	607	1387	1389	1392	
1412	Tri6	78	778	567	1146	2982	1145	
1413	Tri6	78	362	778	1144	2322	1146	
1414	Tri6	111	359	841	1262	2310	1263	
1415	Tri6	111	841	112	1263	1267	1261	
1416	Tri6	112	841	551	1267	2944	1265	
1417	Tri6	32	581	843	983	3010	985	
1418	Tri6	32	843	33	985	989	982	
1419	Tri6	33	843	701	989	3201	988	
1420	Tri6	39	375	812	1008	2375	1010	
1421	Tri6	39	812	596	1010	3043	1009	
1422	Tri6	40	39	596	1007	1009	1012	
1423	Tri6	135	356	772	1347	2296	1348	
1424	Tri6	135	772	136	1348	1352	1346	
1425	Tri6	136	772	525	1352	2880	1350	
1426	Tri6	260	495	845	1754	2813	1755	
1427	Tri6	259	845	644	1752	3130	1750	
1428	Tri6	259	260	845	1749	1755	1752	
1429	Tri6	51	846	597	1052	3047	1051	
1430	Tri6	50	846	51	1049	1052	1046	
1431	Tri6	50	425	846	1047	2587	1049	
1432	Tri6	101	424	102	1227	1231	1226	
1433	Tri6	101	588	424	1228	2582	1227	
1434	Tri6	102	424	830	1231	2583	1233	
1435	Tri6	54	811	609	1063	3073	1062	
1436	Tri6	54	380	811	1061	2396	1063	
1437	Tri6	167	847	746	1462	3223	1461	
1438	Tri6	63	374	814	1093	2371	1094	
1439	Tri6	63	814	64	1094	1098	1092	
1440	Tri6	64	814	622	1098	3096	1096	
1441	Tri6	5	848	6	891	895	889	
1442	Tri6	6	848	544	895	2924	893	
1443	Tri6	9	824	605	906	3061	905	
1444	Tri6	9	383	824	904	2408	906	
1445	Tri6	164	521	849	1450	2873	1452	
1446	Tri6	164	849	709	1452	3204	1451	
1447	Tri6	45	799	545	1032	2928	1031	
1448	Tri6	45	367	799	1030	2341	1032	
1449	Tri6	90	790	564	1189	2975	1188	
1450	Tri6	90	364	790	1187	2330	1189	
1451	Tri6	26	529	851	963	2890	965	
1452	Tri6	26	851	721	965	3211	964	
1453	Tri6	215	504	820	1615	2834	1616	
1454	Tri6	214	820	659	1613	3149	1611	
1455	Tri6	214	215	820	1610	1616	1613	
1456	Tri6	172	631	853	1477	3111	1480	
1457	Tri6	172	853	639	1480	3123	1478	
1458	Tri6	57	775	519	1074	2867	1073	
1459	Tri6	57	368	775	1072	2346	1074	
1460	Tri6	29	856	763	975	3233	974	
1461	Tri6	131	857	132	1334	1337	1332	
1462	Tri6	132	857	654	1337	3145	1335	
1463	Tri6	131	626	857	1333	3104	1334	
1464	Tri6	117	813	592	1286	3034	1285	
1465	Tri6	117	384	813	1284	2412	1286	
1466	Tri6	171	377	842	1474	2384	1475	
1467	Tri6	171	842	172	1475	1479	1473	
1468	Tri6	172	842	631	1479	3110	1477	
1469	Tri6	126	766	534	1317	2901	1316	
1470	Tri6	126	363	766	1315	2326	1317	
1471	Tri6	95	428	96	1205	1208	1204	
1472	Tri6	95	589	428	1206	2597	1205	
1473	Tri6	96	861	630	1210	3108	1209	
1474	Tri6	201	630	861	1571	3108	1572	
1475	Tri6	200	861	428	1569	2598	1567	
1476	Tri6	200	201	861	1566	1572	1569	
1477	Tri6	96	428	861	1208	2598	1210	
1478	Tri6	129	816	610	1328	3076	1327	
1479	Tri6	129	386	816	1326	2420	1328	
1480	Tri6	220	453	769	1631	2688	1632	
1481	Tri6	220	769	398	1632	2473	1630	
1482	Tri6	156	787	865	1421	3243	1422	
1483	Tri6	156	865	650	1422	3139	1420	
1484	Tri6	265	452	771	1770	2685	1771	
1485	Tri6	265	771	397	1771	2470	1769	
1486	Tri6	226	867	419	1650	2565	1648	
1487	Tri6	222	867	226	1637	1650	1635	
1488	Tri6	222	228	867	1636	1655	1637	
1489	Tri6	228	229	867	1654	1659	1655	
1490	Tri6	229	676	867	1658	3176	1659	
1491	Tri6	270	870	420	1786	2569	1784	
1492	Tri6	181	870	270	1509	1786	1508	
1493	Tri6	181	183	870	1507	1514	1509	
1494	Tri6	183	184	870	1513	1518	1514	
1495	Tri6	184	677	870	1517	3178	1518	
1496	Tri6	15	732	873	925	3220	926	
1497	Tri6	15	873	16	926	930	924	
1498	Tri6	16	873	341	930	2226	928	
1499	Tri6	42	809	606	1021	3064	1020	
1500	Tri6	42	379	809	1019	2392	1021	
1501	Tri6	114	789	532	1275	2896	1274	
1502	Tri6	114	361	789	1273	2318	1275	
1503	Tri6	93	796	520	1200	2870	1199	
1504	Tri6	93	366	796	1198	2338	1200	
